0 0.0000
1 0.0000
2 0.0000
3 0.0000
4 0.0000
5 0.0000
6 0.0000
7 0.0000
8 0.0000
9 0.0000
10 0.0000
11 0.0000
12 0.0000
13 0.0000
14 0.0000
15 0.0000
16 0.0000
17 0.0000
18 0.0000
19 0.0000
20 0.0000
21 0.0000
22 0.0000
23 0.0000
24 0.0000
25 0.0000
26 0.0000
27 0.0000
28 0.0000
29 0.0000
30 0.0000
31 0.0000
32 0.0000
33 0.0000
34 0.0000
35 0.0000
36 0.0000
37 0.0000
38 0.0000
39 0.0000
40 0.0000
41 0.0000
42 0.0000
43 0.0000
44 0.0000
45 0.0000
46 0.0000
47 0.0000
48 0.0000
49 0.0000
50 0.0000
51 0.0000
52 0.0000
53 0.0000
54 0.0000
55 0.0000
56 0.0000
57 0.0000
58 0.0000
59 0.0000
60 0.0000
61 0.0000
62 0.0000
63 0.0000
64 0.0000
65 0.0000
66 0.0000
67 0.0000
68 0.0000
69 0.0000
70 0.0000
71 0.0000
72 0.0000
73 0.0000
74 0.0000
75 0.0000
76 0.0000
77 0.0000
78 0.0000
79 0.0000
80 0.0000
81 0.0000
82 0.0000
83 0.0000
84 0.0000
85 0.0000
86 0.0000
87 0.0000
88 0.0000
89 0.0000
90 0.0000
91 0.0000
92 0.0000
93 0.0000
94 0.0000
95 0.0000
96 0.0000
97 0.0000
98 0.0000
99 0.0000
100 0.0000
101 0.0000
102 0.0000
103 0.0000
104 0.0000
105 0.0000
106 0.0000
107 0.0000
108 0.0000
109 0.0000
110 0.0000
111 0.0000
112 0.0000
113 0.0000
114 0.0000
115 0.0000
116 0.0000
117 0.0000
118 0.0000
119 0.0000
120 0.0000
121 0.0000
122 0.0000
123 0.0000
124 0.0000
125 0.0000
126 0.0000
127 0.0000
128 0.0000
129 0.0000
130 0.0000
131 0.0000
132 0.0000
133 0.0000
134 0.0000
135 0.0000
136 0.0000
137 0.0000
138 0.0000
139 0.0000
140 0.0000
141 0.0000
142 0.0000
143 0.0000
144 0.0000
145 0.0000
146 0.0000
147 0.0000
148 0.0000
149 0.0000
150 0.0000
151 0.0000
152 0.0000
153 0.0000
154 0.0000
155 0.0000
156 0.0000
157 0.0000
158 0.0000
159 0.0000
160 0.0000
161 0.0000
162 0.0000
163 0.0000
164 0.0000
165 0.0000
166 0.0000
167 0.0000
168 0.0000
169 0.0000
170 0.0000
171 0.0000
172 0.0000
173 0.0000
174 0.0000
175 0.0000
176 0.0000
177 0.0000
178 0.0000
179 0.0000
180 0.0000
181 0.0000
182 0.0000
183 0.0000
184 0.0000
185 0.0000
186 0.0000
187 0.0000
188 0.0000
189 0.0000
190 0.0000
191 0.0000
192 0.0000
193 0.0000
194 0.0000
195 0.0000
196 0.0000
197 0.0000
198 0.0000
199 0.0000
200 0.0000
201 0.0000
202 0.0000
203 0.0000
204 0.0000
205 0.0000
206 0.0000
207 0.0000
208 0.0000
209 0.0000
210 0.0000
211 0.0000
212 0.0000
213 0.0000
214 0.0000
215 0.0000
216 0.0000
217 0.0000
218 0.0000
219 0.0000
220 0.0000
221 0.0000
222 0.0000
223 0.0000
224 0.0000
225 0.0000
226 0.0000
227 0.0000
228 0.0000
229 0.0000
230 0.0000
231 0.0000
232 0.0000
233 0.0000
234 0.0000
235 0.0000
236 0.0000
237 0.0000
238 0.0000
239 0.0000
240 0.0000
241 0.0000
242 0.0000
243 0.0000
244 0.0000
245 0.0000
246 0.0000
247 0.0000
248 0.0000
249 0.0000
250 0.0000
251 0.0000
252 0.0000
253 0.0000
254 0.0000
255 0.0000
256 0.0000
257 0.0000
258 0.0000
259 87312131.6468
260 85102496.1013
261 82981283.9126
262 80963244.9635
263 79172184.9497
264 77484517.2719
265 75873659.2669
266 74235872.8549
267 72667298.0156
268 71286783.4487
269 69957744.2877
270 68645394.3009
271 67431489.8489
272 66396275.3975
273 65345073.6091
274 64396134.2377
275 63474934.3619
276 62535858.8796
277 61616529.6281
278 60699224.9771
279 59808832.0877
280 59043358.5090
281 58297545.6288
282 57570799.0055
283 71692639.5430
284 98788431.0051
285 97807364.9979
286 96845593.2747
287 95882874.0702
288 95042349.0911
289 94194950.7627
290 93392623.3241
291 92607677.1436
292 91854203.4236
293 91108755.2283
294 90390985.8114
295 89662104.8411
296 89000994.0939
297 88349565.7558
298 87707699.0847
299 87115508.8380
300 86595299.5586
301 86158744.7287
302 85715488.4877
303 85299990.4072
304 84998791.3735
305 84698214.6335
306 84397972.1523
307 84099850.7813
308 83807095.6988
309 83516371.7311
310 83273601.0341
311 83125908.2360
312 83110863.9703
313 83098686.0302
314 82943601.0200
315 82789093.7941
316 82714150.8388
317 82657628.3501
318 82601183.0576
319 82558496.3698
320 82538677.8060
321 82520016.7165
322 82501364.0631
323 82482719.8403
324 82464084.0423
325 82445457.1266
326 82427738.5096
327 82415496.0915
328 82405375.5962
329 82395257.5861
330 82386277.6117
331 82377583.4253
332 82371178.9665
333 82365360.5646
334 82360790.0189
335 82356219.9805
336 82351839.5518
337 82347690.1165
338 82343665.4194
339 82339849.5890
340 82336697.2237
341 82333589.0696
342 82330492.1417
343 82327692.1993
344 82324892.4473
345 82322165.6415
346 82319439.0162
347 82317206.1464
348 82314973.3978
349 82312740.7703
350 82310975.7683
351 82309210.8420
352 82307528.9614
353 82305909.5223
354 82304375.7522
355 82302900.4780
356 82301474.2568
357 82300082.8832
358 82298691.5566
359 82297303.1157
360 82295917.2075
361 81581641.3485
362 80305023.9694
363 79067744.9003
364 78164231.9379
365 76135715.4199
366 75836061.8408
367 75612595.4191
368 75390442.1069
369 75178185.0309
370 74968203.8996
371 73672071.2894
372 71813560.1894
373 70046510.4127
374 68461357.1681
375 66959103.5713
376 65521362.5360
377 63872468.7501
378 62212762.9589
379 60676051.2661
380 59365814.3702
381 58110967.8121
382 56919104.8143
383 56658051.9734
384 56418349.5245
385 56180666.7428
386 56109333.7437
387 55525251.8482
388 54334472.2732
389 53471663.3179
390 52765001.3061
391 52076773.6477
392 51950878.4015
393 51825590.3891
394 51700905.2277
395 51607768.1427
396 51494941.5019
397 51274262.4807
398 51048536.7526
399 50933872.3655
400 50933809.7142
401 50897862.0941
402 50799376.3297
403 50687875.7318
404 50638758.4546
405 50565294.5337
406 50565235.6834
407 50565176.8331
408 50565117.9830
409 50503707.5325
410 50099363.5763
411 49683060.6779
412 49293677.9332
413 48814573.1997
414 48266685.6083
415 47730960.3283
416 47125923.4928
417 46411634.1807
418 45718674.9790
419 44410117.8632
420 43161924.0824
421 41566746.3497
422 40132646.2390
423 38794574.7214
424 37623238.7096
425 35766717.6216
426 34110992.1536
427 32609819.0409
428 31235732.0317
429 28719401.0165
430 26579035.2447
431 24735571.6283
432 23131239.8409
433 21722471.3306
434 20261628.1533
435 19097886.0270
436 18086013.8741
437 17190349.5398
438 16272228.3040
439 15461191.7419
440 14768976.5692
441 14049257.0866
442 13490980.8775
443 12975565.3750
444 12299581.4995
445 11690596.1722
446 11139096.1883
447 10633079.6812
448 10185606.8242
449 9797820.8225
450 9440565.2125
451 9182072.1126
452 8971807.0908
453 8770900.2420
454 8578800.0349
455 8398617.9703
456 8122605.6393
457 7903907.7800
458 7700109.5461
459 7543677.6393
460 7393475.1762
461 7220402.5057
462 7058856.7661
463 6905543.6696
464 6759033.6924
465 6622259.1952
466 6490910.3892
467 6335722.2487
468 6187781.4757
469 6046591.9703
470 5916372.0943
471 5791642.8230
472 5684513.5982
473 5607740.2892
474 5533013.0998
475 5450380.0413
476 5370178.8653
477 5292303.7481
478 5217285.2057
479 5144845.2807
480 5088920.3890
481 5034198.2398
482 4980640.4458
483 4931629.2841
484 4884412.2059
485 4832712.7282
486 4769877.9992
487 4708656.2473
488 4648986.1516
489 4591303.6569
490 4535035.0158
491 4480481.8559
492 4427820.5877
493 4376382.8455
494 4326160.7600
495 4277095.0192
496 4229129.7686
497 4182228.3947
498 4136361.1135
499 4091488.9884
500 4047579.9799
501 4004603.4093
502 3962529.8873
503 3921331.2468
504 3880980.4799
505 3841451.6792
506 3802719.9821
507 3761711.7972
508 3716589.3404
509 3672536.5578
510 3629515.8583
511 3587491.3919
512 3545686.6987
513 3504845.0752
514 3464933.6203
515 3425920.9151
516 3387776.9395
517 3351766.1903
518 3315331.4081
519 3279149.0833
520 3243111.3631
521 3209548.3146
522 3179494.3036
523 3148651.7351
524 3119947.5365
525 3094355.2147
526 3069179.3345
527 3043029.8435
528 3017338.5582
529 2992077.4470
530 2969576.9574
531 2948872.1894
532 2931706.1038
533 2915646.5442
534 2899911.0447
535 2884349.4589
536 2868963.7532
537 2853743.2382
538 2842758.8653
539 2831859.1953
540 2824251.2494
541 2816001.2396
542 2802219.2705
543 2788571.5468
544 2775056.1165
545 2760549.2644
546 2746193.2953
547 2730236.3562
548 2714463.7835
549 2698379.6373
550 2683621.1465
551 2670067.7970
552 2655796.8139
553 2641678.8732
554 2627277.3662
555 2615582.8818
556 2604592.3202
557 2593842.5943
558 2583031.0440
559 2572345.8499
560 2561748.6944
561 2553456.0492
562 2545216.9191
563 2537787.5792
564 2530441.2478
565 2523768.8306
566 2517138.8867
567 2512385.3379
568 2508705.9243
569 2505044.9048
570 2501413.3299
571 2498095.6801
572 2494935.1988
573 2491799.4791
574 2488676.8104
575 2485571.9499
576 2482476.5446
577 2479391.1164
578 2476996.2671
579 2474606.0398
580 2471583.2685
581 2468571.3270
582 2465568.4687
583 2462914.6381
584 2460266.5144
585 2457626.6890
586 2454891.6117
587 2453154.1883
588 2451219.5142
589 2449850.6975
590 2448629.5876
591 2447409.6943
592 2446191.0849
593 2444973.6884
594 2443758.0077
595 2442543.5353
596 2441719.5779
597 2440896.1761
598 2440073.3924
599 2439925.0545
600 2439816.5068
601 2439727.8536
602 2439662.4045
603 2439605.2434
604 2439558.0261
605 2439511.0177
606 2439464.0111
607 2439428.0508
608 2439393.7481
609 2439360.4818
610 2439330.1843
611 2439300.8712
612 2439273.2893
613 2439245.7081
614 2439218.1275
615 2439191.1789
616 2439164.2720
617 2439137.4066
618 2439110.5418
619 2439083.6981
620 2439057.0480
621 2439030.3986
622 2439003.7498
623 2438977.1425
624 2438950.5460
625 2438923.9501
626 2438897.3548
627 2438870.7600
628 2438844.1659
629 2438817.5723
630 2438790.9810
631 2438764.3963
632 2438737.8122
633 2438711.2293
634 2438684.6473
635 2438658.0661
636 2438631.4860
637 2438604.9065
638 2438578.3278
639 2438551.7500
640 2438525.1728
641 2438498.5961
642 2438472.0201
643 2438445.4447
644 2438418.8700
645 2438392.2958
646 2438365.7223
647 2438339.1917
648 2438312.6618
649 2438286.1324
650 2438259.6037
651 2438233.0755
652 2438206.5479
653 2438180.0208
654 2438153.4944
655 2438126.9685
656 2438100.4432
657 2438073.9185
658 2438047.3943
659 2438020.8708
660 2437994.3478
661 2437967.8254
662 2437941.3035
663 2437914.7823
664 2437888.2616
665 2437861.7415
666 2437835.2220
667 2437808.7030
668 2437782.1846
669 2437755.6669
670 2437729.1496
671 2437702.6330
672 2437676.1169
673 2437649.6014
674 2437624.0385
675 2437600.3752
676 2437576.7124
677 2437553.0501
678 2437529.3882
679 2437505.7268
680 2437482.0659
681 2437458.4054
682 2437434.7454
683 2437411.0858
684 2437387.4267
685 2437363.7680
686 2437340.1098
687 2437316.4521
688 2437292.7948
689 2437269.1380
690 2437245.4817
691 2437221.8258
692 2437198.1703
693 2437174.5153
694 2437150.8608
695 2437127.2068
696 2437103.5532
697 2437079.9000
698 2437056.2473
699 2437032.5951
700 2437008.9433
701 2436985.2920
702 2436961.6412
703 2436437.0865
704 2435801.5213
705 2435573.9907
706 2435397.4656
707 2435322.8836
708 2435286.5251
709 2435259.7223
710 2435236.1049
711 2433429.8513
712 2428271.1589
713 2422300.4978
714 2416627.4989
715 2409997.2885
716 2400798.3281
717 2391255.9864
718 2382965.8530
719 2378501.7517
720 2376309.3867
721 2375731.7570
722 2375411.7101
723 2375095.9108
724 2375043.1861
725 2375002.7312
726 2374970.4850
727 2374938.3866
728 2374909.3263
729 2374880.5330
730 2374851.8384
731 2374823.2232
732 2374794.6981
733 2367381.1622
734 2367353.2512
735 2367325.3409
736 2367297.5015
737 2367269.6820
738 2367241.9158
739 2367215.0004
740 2350524.8920
741 2331158.7187
742 2312109.0568
743 2293369.7769
744 2276455.0332
745 2259915.3853
746 2257976.9330
747 2222344.1353
748 2174642.1986
749 2115710.6726
750 2059906.2601
751 2006970.0132
752 1956686.3505
753 1910504.7007
754 1866459.8572
755 1824403.0824
756 1784201.8457
757 1745734.3615
758 1685622.7568
759 1629513.0494
760 1577018.4773
761 1527801.7003
762 1481564.3907
763 1438043.5179
764 1397007.1120
765 1358247.7792
766 1321581.1070
767 1286523.1725
768 1253277.1552
769 1221706.4961
770 1191687.3149
771 1163107.9879
772 1135867.3485
773 1109873.4909
774 1085042.7336
775 1061298.7204
776 1038571.6352
777 1017329.6314
778 997067.1887
779 978211.0385
780 960291.9770
781 947611.6525
782 931658.9221
783 916324.3208
784 901725.2341
785 885217.4133
786 869303.1415
787 851046.8410
788 833693.7778
789 817259.7643
790 801554.9318
791 786442.3017
792 769053.9634
793 750629.6024
794 733331.1048
795 713973.7275
796 695818.8265
797 678564.3149
798 661977.4499
799 644368.7049
800 626451.8148
801 607448.0961
802 587039.3324
803 567842.1930
804 549824.8637
805 533428.7480
806 517982.2001
807 503292.7735
808 491382.5297
809 479081.2495
810 467380.8284
811 456238.2923
812 445620.6280
813 436269.7890
814 426869.5435
815 418818.6648
816 411066.0858
817 403709.5668
818 396603.0663
819 389954.4749
820 384573.0295
821 379315.1159
822 374401.3759
823 368865.9081
824 363353.5825
825 358285.0827
826 354221.8023
827 350618.8947
828 346497.1762
829 342674.5570
830 338935.3611
831 335279.5963
832 332276.3554
833 329361.9243
834 326871.7175
835 324586.9881
836 322430.9411
837 320335.6160
838 318267.3480
839 316225.6165
840 314216.8613
841 312581.7094
842 310826.9847
843 309092.6911
844 307377.6435
845 305957.0852
846 304375.7486
847 302810.8758
848 301262.4772
849 299729.9211
850 298213.0199
851 296711.7087
852 294807.1771
853 292927.0020
854 291202.1903
855 289546.4874
856 287465.0436
857 285124.5303
858 283188.4312
859 281278.4484
860 279394.0570
861 277534.7461
862 275700.0182
863 273889.4028
864 272102.1827
865 270337.9181
866 268596.3369
867 266714.1959
868 265080.7653
869 263467.2257
870 261873.2103
871 260194.3709
872 258057.3856
873 255955.2165
874 253879.7189
875 251751.2137
876 249544.9029
877 247549.4480
878 246156.5667
879 244808.6160
880 243805.7988
881 242736.5155
882 241680.1710
883 240632.9807
884 239760.8714
885 238917.6726
886 238080.3839
887 237099.2648
888 235969.9217
889 234575.9336
890 232989.1045
891 231556.7700
892 230035.4232
893 228377.9310
894 226744.1536
895 225133.5857
896 223545.7362
897 221980.1278
898 220596.6645
899 219322.5635
900 218080.3414
901 216852.1117
902 215645.9153
903 214364.7637
904 213101.2968
905 211905.9913
906 210725.8398
907 209626.1483
908 210724.2870
909 209535.2953
910 210704.6757
911 209634.6225
912 208514.8553
913 207400.6786
914 206391.5587
915 205571.9607
916 204750.6443
917 203546.3477
918 202356.1350
919 201179.7607
920 200069.6728
921 198876.9524
922 197755.6342
923 196770.9207
924 195815.5750
925 194869.4611
926 193981.9488
927 193102.4841
928 192288.9542
929 191412.8442
930 190542.5367
931 189709.8588
932 188853.2094
933 188033.6851
934 187221.2428
935 186382.8365
936 185553.4882
937 186876.4149
938 185933.4468
939 185084.6863
940 184243.6559
941 183562.7929
942 182818.5024
943 182011.0917
944 181200.6837
945 180372.4988
946 179595.7002
947 178808.4345
948 178028.0407
949 177253.5150
950 176606.4344
951 175969.8244
952 175330.7347
953 174698.7736
954 174071.3518
955 173448.4361
956 172829.9704
957 172201.5850
958 171652.5803
959 171083.0109
960 170454.2867
961 169830.2313
962 169183.8183
963 168313.3442
964 167421.6500
965 166397.8856
966 165381.8582
967 164305.8059
968 163373.4681
969 162517.8446
970 161671.0000
971 160896.4644
972 160130.3800
973 159393.0743
974 158682.4046
975 158000.2344
976 157309.5915
977 156650.4089
978 155996.7278
979 155348.4794
980 154706.0801
981 154054.5012
982 153411.8761
983 152805.5428
984 152148.1254
985 151570.6399
986 150997.5217
987 150425.7698
988 149893.5004
989 149285.8811
990 148683.1329
991 148085.2305
992 147417.4714
993 146755.7045
994 146075.0460
995 145370.7380
996 144672.2253
997 144010.7363
998 143355.2688
999 142716.7295
1000 142101.9465
1001 4731199.4566
1002 6126743.6681
1003 6106145.4612
1004 6085809.9667
1005 6065736.5719
1006 6045933.9906
1007 6027185.3512
1008 6008890.8833
1009 5990728.4476
1010 7644208.1463
1011 7621595.5960
1012 7600762.6486
1013 12241376.7296
1014 23255369.2466
1015 23195358.1149
1016 23134022.0760
1017 23067018.0460
1018 22999752.7799
1019 22932055.8136
1020 22867743.3207
1021 22803792.8081
1022 22740102.1692
1023 22676788.8468
1024 22613830.3156
1025 22551221.5999
1026 22488959.5193
1027 22427041.8673
1028 22365464.1142
1029 22304223.5337
1030 22243319.5199
1031 22182747.2099
1032 22122503.8534
1033 22062589.3349
1034 22002998.5207
1035 21943731.7975
1036 24565208.5058
1037 24742851.2829
1038 24678270.8627
1039 25319909.6785
1040 25254344.1983
1041 25189117.4025
1042 25124138.8130
1043 25059658.6480
1044 24995508.6594
1045 24932443.6922
1046 24869696.1564
1047 24807268.0256
1048 24745198.4193
1049 24683438.6433
1050 24621986.3833
1051 24560840.4825
1052 24499998.0893
1053 24439456.3902
1054 24381761.0041
1055 24324338.2313
1056 24267185.7487
1057 24210749.0033
1058 24154575.0248
1059 24098661.1134
1060 24043060.6733
1061 23987716.2053
1062 23932625.9458
1063 23877788.1474
1064 26120769.3292
1065 26061787.9327
1066 29104817.3412
1067 29040302.1770
1068 29671294.5156
1069 29606534.7699
1070 29542210.4410
1071 29478165.0134
1072 29414520.0464
1073 29351269.5340
1074 30446754.2832
1075 30518062.7609
1076 30639049.7543
1077 31938755.2567
1078 32224152.1640
1079 32396381.9319
1080 32968811.6831
1081 32905353.2239
1082 32842139.0824
1083 32779167.3591
1084 32716620.0397
1085 32654371.7966
1086 33243067.9651
1087 33278882.6581
1088 33421662.4272
1089 33394283.2122
1090 33398005.0088
1091 33366088.5560
1092 33334219.6106
1093 33277177.8493
1094 33215480.5168
1095 33154011.5987
1096 33092792.4802
1097 33031809.9782
1098 32971059.2149
1099 32910535.0740
1100 32850241.8718
1101 32790185.1176
1102 32730348.2524
1103 32670740.7739
1104 32611354.2996
1105 32552184.7163
1106 32493229.4562
1107 32434487.6251
1108 32375957.7998
1109 32317651.0706
1110 32258603.6063
1111 32199771.6888
1112 32143922.8057
1113 32088267.3954
1114 32032804.4166
1115 31977532.8509
1116 31922451.7022
1117 31867850.3585
1118 31813435.4819
1119 31759206.1170
1120 31705177.8307
1121 31652103.3825
1122 31599769.0656
1123 31547607.5245
1124 31495617.9051
1125 31444060.9588
1126 31392672.5295
1127 32039702.9106
1128 32075002.7797
1129 32066716.2022
1130 32015039.6587
1131 32573389.9114
1132 32856856.9241
1133 33062191.7587
1134 33202670.3926
1135 33150136.0960
1136 34872512.4566
1137 34872408.9938
1138 34818859.4773
1139 34765474.1681
1140 34712252.4536
1141 34659193.4420
1142 34606296.3883
1143 34652690.0601
1144 34624975.3189
1145 34572736.5170
1146 34520661.4704
1147 34468743.5938
1148 34418514.5087
1149 34367097.5753
1150 34315643.6621
1151 34264343.5743
1152 34213211.5296
1153 34162218.5456
1154 34111379.5696
1155 34060687.9921
1156 34010148.8244
1157 33959757.6980
1158 33909515.6217
1159 33859421.7970
1160 33809475.7591
1161 33759679.4296
1162 33710029.5696
1163 33660525.5338
1164 33611942.9674
1165 33563658.4206
1166 33515451.6240
1167 33467383.1058
1168 33420585.8967
1169 33373977.0388
1170 33327498.9965
1171 33281177.6449
1172 33235037.2516
1173 33189024.6175
1174 33143818.0139
1175 33099153.2731
1176 33054609.1121
1177 33010550.1836
1178 32968083.7347
1179 32925726.4074
1180 32884138.1419
1181 32842654.8036
1182 32801276.0368
1183 32760001.4671
1184 33656895.9841
1185 33615145.8464
1186 33573499.1594
1187 33531955.5390
1188 33526762.5853
1189 33485403.4255
1190 33453183.6468
1191 34326012.6218
1192 34284453.3932
1193 34242995.2606
1194 34201637.2726
1195 34160379.0667
1196 34119220.2823
1197 34078160.5605
1198 34037199.5439
1199 33996336.8772
1200 34186102.0905
1201 35861440.5922
1202 35821903.1010
1203 35783288.5175
1204 35974471.6577
1205 35936064.1286
1206 35897748.7982
1207 35862167.7665
1208 35826657.1992
1209 35791750.2812
1210 35756279.7972
1211 35721407.5121
1212 35686603.1811
1213 35651866.6057
1214 35617197.5882
1215 35582595.9842
1216 35548348.3065
1217 35513855.0004
1218 35479428.5783
1219 35445069.3442
1220 35410776.5945
1221 35376550.1365
1222 35344193.5277
1223 35311896.0908
1224 35279657.6518
1225 35247478.0288
1226 35215357.0585
1227 35183294.5785
1228 35151290.4291
1229 35119344.4514
1230 35088079.9171
1231 35056669.4566
1232 35026758.8636
1233 34996899.2670
1234 34967090.5413
1235 34937332.5567
1236 34910479.0711
1237 34882980.3218
1238 35232140.7888
1239 35203139.4784
1240 35173029.1464
1241 35144058.5190
1242 35114290.5261
1243 35085557.9416
1244 35056863.6652
1245 35027889.3855
1246 35816675.8786
1247 36621135.5090
1248 36591832.8323
1249 36575345.4513
1250 36546465.4046
1251 36517638.3837
1252 36488856.8032
1253 36460120.5556
1254 36431432.6283
1255 36402494.8709
1256 36375117.1916
1257 36347069.8254
1258 36319065.6782
1259 36291873.3988
1260 36264671.0538
1261 36237394.9082
1262 36210235.0908
1263 36183212.7389
1264 36156230.6885
1265 36129288.8495
1266 36102387.1320
1267 36075525.4465
1268 36048791.9831
1269 36022284.4285
1270 35995815.8284
1271 35969479.2202
1272 35943181.1226
1273 35916974.2079
1274 35892727.9228
1275 35869474.4118
1276 35846256.5027
1277 35823068.6315
1278 35800032.7534
1279 35777095.9466
1280 35754257.1643
1281 35731675.3042
1282 35709139.6083
1283 35691000.1553
1284 35668853.4751
1285 35646752.5147
1286 35624797.3797
1287 35602911.2646
1288 35581054.3756
1289 35559244.9175
1290 35537462.3748
1291 35515937.4332
1292 35494448.0999
1293 35472999.0090
1294 35451577.5714
1295 35430194.6638
1296 35408837.5496
1297 35387506.1857
1298 35366257.7382
1299 35345067.3982
1300 35323828.5147
1301 35302615.3770
1302 35281465.1923
1303 35260302.9981
1304 35239178.8320
1305 35218067.3769
1306 35197000.9238
1307 35175940.0170
1308 35154904.3240
1309 35133893.8275
1310 35112908.4845
1311 35091948.2292
1312 35071013.0050
1313 35050102.7826
1314 35029217.4799
1315 35008357.0522
1316 34987521.4598
1317 34966710.6536
1318 34945924.5896
1319 34925163.2236
1320 34904426.5115
1321 34883714.4096
1322 34863026.8740
1323 34842363.8610
1324 34821725.4142
1325 34801111.4028
1326 34780521.7835
1327 34759956.5128
1328 34739415.5478
1329 34774132.9960
1330 34753684.6154
1331 34733269.8483
1332 34712885.4305
1333 34706430.7540
1334 34694650.1019
1335 34746778.8429
1336 34755766.3650
1337 34735611.5873
1338 34717547.3391
1339 34699733.5176
1340 34691024.9860
1341 34670966.4747
1342 34650935.6414
1343 34630928.2365
1344 34610945.3452
1345 34669341.4391
1346 34691501.7760
1347 34702719.2342
1348 34682807.8461
1349 34712172.3596
