0 0.0000
1 0.0000
2 0.0000
3 0.0000
4 0.0000
5 0.0000
6 0.0000
7 0.0000
8 0.0000
9 0.0000
10 0.0000
11 0.0000
12 0.0000
13 0.0000
14 0.0000
15 0.0000
16 0.0000
17 0.0000
18 0.0000
19 0.0000
20 0.0000
21 0.0000
22 0.0000
23 0.0000
24 0.0000
25 0.0000
26 0.0000
27 0.0000
28 0.0000
29 0.0000
30 0.0000
31 0.0000
32 0.0000
33 0.0000
34 0.0000
35 0.0000
36 0.0000
37 0.0000
38 0.0000
39 0.0000
40 0.0000
41 0.0000
42 0.0000
43 0.0000
44 0.0000
45 0.0000
46 0.0000
47 0.0000
48 0.0000
49 0.0000
50 0.0000
51 0.0000
52 0.0000
53 0.0000
54 0.0000
55 0.0000
56 0.0000
57 0.0000
58 0.0000
59 0.0000
60 0.0000
61 0.0000
62 0.0000
63 0.0000
64 0.0000
65 0.0000
66 0.0000
67 0.0000
68 0.0000
69 0.0000
70 0.0000
71 0.0000
72 0.0000
73 0.0000
74 0.0000
75 0.0000
76 0.0000
77 0.0000
78 0.0000
79 0.0000
80 0.0000
81 0.0000
82 0.0000
83 0.0000
84 0.0000
85 0.0000
86 0.0000
87 0.0000
88 0.0000
89 0.0000
90 0.0000
91 0.0000
92 0.0000
93 0.0000
94 0.0000
95 0.0000
96 0.0000
97 0.0000
98 0.0000
99 0.0000
100 0.0000
101 0.0000
102 0.0000
103 0.0000
104 0.0000
105 0.0000
106 0.0000
107 0.0000
108 0.0000
109 0.0000
110 0.0000
111 0.0000
112 0.0000
113 0.0000
114 0.0000
115 0.0000
116 0.0000
117 0.0000
118 0.0000
119 0.0000
120 0.0000
121 0.0000
122 0.0000
123 0.0000
124 0.0000
125 0.0000
126 0.0000
127 0.0000
128 0.0000
129 0.0000
130 0.0000
131 0.0000
132 0.0000
133 0.0000
134 0.0000
135 0.0000
136 0.0000
137 0.0000
138 0.0000
139 0.0000
140 0.0000
141 0.0000
142 0.0000
143 0.0000
144 0.0000
145 0.0000
146 0.0000
147 0.0000
148 0.0000
149 0.0000
150 0.0000
151 0.0000
152 0.0000
153 0.0000
154 0.0000
155 0.0000
156 0.0000
157 0.0000
158 0.0000
159 0.0000
160 0.0000
161 0.0000
162 0.0000
163 0.0000
164 0.0000
165 0.0000
166 0.0000
167 0.0000
168 0.0000
169 0.0000
170 0.0000
171 0.0000
172 0.0000
173 0.0000
174 0.0000
175 0.0000
176 0.0000
177 0.0000
178 0.0000
179 0.0000
180 0.0000
181 0.0000
182 0.0000
183 0.0000
184 0.0000
185 0.0000
186 0.0000
187 0.0000
188 0.0000
189 0.0000
190 0.0000
191 0.0000
192 0.0000
193 0.0000
194 0.0000
195 0.0000
196 0.0000
197 0.0000
198 0.0000
199 0.0000
200 0.0000
201 0.0000
202 0.0000
203 0.0000
204 0.0000
205 0.0000
206 0.0000
207 0.0000
208 0.0000
209 0.0000
210 0.0000
211 0.0000
212 0.0000
213 0.0000
214 0.0000
215 0.0000
216 0.0000
217 0.0000
218 0.0000
219 0.0000
220 0.0000
221 0.0000
222 0.0000
223 0.0000
224 0.0000
225 0.0000
226 0.0000
227 0.0000
228 0.0000
229 0.0000
230 0.0000
231 0.0000
232 0.0000
233 0.0000
234 0.0001
235 0.0001
236 0.0000
237 0.0000
238 0.0000
239 0.0000
240 0.0001
241 0.0001
242 0.0001
243 0.0001
244 0.0001
245 0.0000
246 0.0000
247 0.0000
248 0.0000
249 0.0000
250 0.0000
251 0.0000
252 0.0000
253 0.0000
254 0.0000
255 0.0000
256 0.0000
257 0.0000
258 0.0000
259 0.0000
260 0.0000
261 0.0000
262 0.0000
263 0.0000
264 0.0000
265 0.0000
266 0.0000
267 0.0000
268 0.0000
269 0.0000
270 0.0000
271 0.0000
272 0.0000
273 0.0000
274 0.0000
275 0.0000
276 0.0000
277 0.0000
278 0.0000
279 0.0000
280 0.0000
281 0.0000
282 0.0000
283 0.0000
284 0.0000
285 0.0000
286 0.0000
287 0.0000
288 0.0000
289 0.0000
290 0.0000
291 0.0000
292 0.0000
293 0.0000
294 0.0000
295 0.0000
296 0.0000
297 0.0000
298 0.0000
299 0.0000
300 0.0000
301 0.0000
302 0.0000
303 0.0000
304 0.0000
305 0.0000
306 0.0000
307 0.0000
308 0.0000
309 0.0000
310 0.0000
311 0.0000
312 0.0000
313 0.0000
314 0.0000
315 0.0000
316 0.0000
317 0.0000
318 0.0000
319 0.0000
320 0.0000
321 0.0000
322 0.0000
323 0.0000
324 0.0000
325 0.0000
326 0.0000
327 0.0000
328 0.0000
329 0.0000
330 0.0000
331 0.0000
332 0.0000
333 0.0000
334 0.0000
335 0.0000
336 0.0000
337 0.0000
338 0.0000
339 0.0000
340 0.0000
341 0.0000
342 0.0000
343 0.0000
344 0.0000
345 0.0000
346 0.0000
347 0.0000
348 0.0000
349 0.0000
350 0.0000
351 0.0000
352 0.0000
353 0.0000
354 0.0000
355 0.0000
356 0.0000
357 0.0000
358 0.0000
359 0.0000
360 0.0000
361 0.0000
362 0.0000
363 0.0000
364 0.0000
365 0.0001
366 0.0000
367 0.0000
368 0.0000
369 0.0000
370 0.0000
371 0.0001
372 0.0001
373 0.0001
374 0.0001
375 0.0001
376 0.0001
377 0.0001
378 0.0001
379 0.0001
380 0.0001
381 0.0001
382 0.0001
383 0.0000
384 0.0000
385 0.0000
386 0.0000
387 0.0000
388 0.0001
389 0.0001
390 0.0001
391 0.0001
392 0.0000
393 0.0000
394 0.0000
395 0.0000
396 0.0000
397 0.0000
398 0.0000
399 0.0000
400 0.0000
401 0.0000
402 0.0000
403 0.0000
404 0.0000
405 0.0000
406 0.0000
407 0.0000
408 0.0000
409 0.0000
410 0.0000
411 0.0000
412 0.0000
413 0.0000
414 0.0001
415 0.0001
416 0.0001
417 0.0001
418 0.0001
419 0.0002
420 0.0002
421 0.0002
422 0.0002
423 0.0002
424 0.0002
425 0.0003
426 0.0003
427 0.0003
428 0.0003
429 0.0007
430 0.0007
431 0.0007
432 0.0007
433 0.0007
434 0.0008
435 0.0007
436 0.0007
437 0.0007
438 0.0008
439 0.0008
440 0.0007
441 0.0008
442 0.0007
443 0.0007
444 0.0010
445 0.0010
446 0.0010
447 0.0010
448 0.0010
449 0.0009
450 0.0009
451 0.0007
452 0.0006
453 0.0006
454 0.0006
455 0.0006
456 0.0010
457 0.0008
458 0.0008
459 0.0006
460 0.0006
461 0.0008
462 0.0008
463 0.0007
464 0.0007
465 0.0007
466 0.0007
467 0.0009
468 0.0009
469 0.0009
470 0.0009
471 0.0009
472 0.0008
473 0.0006
474 0.0006
475 0.0007
476 0.0007
477 0.0007
478 0.0006
479 0.0006
480 0.0005
481 0.0005
482 0.0005
483 0.0005
484 0.0005
485 0.0005
486 0.0006
487 0.0006
488 0.0006
489 0.0006
490 0.0006
491 0.0006
492 0.0006
493 0.0006
494 0.0006
495 0.0006
496 0.0006
497 0.0006
498 0.0006
499 0.0006
500 0.0006
501 0.0006
502 0.0006
503 0.0006
504 0.0006
505 0.0006
506 0.0006
507 0.0007
508 0.0008
509 0.0008
510 0.0008
511 0.0008
512 0.0008
513 0.0008
514 0.0008
515 0.0008
516 0.0008
517 0.0008
518 0.0008
519 0.0008
520 0.0008
521 0.0008
522 0.0007
523 0.0007
524 0.0007
525 0.0006
526 0.0006
527 0.0007
528 0.0007
529 0.0007
530 0.0006
531 0.0006
532 0.0005
533 0.0004
534 0.0004
535 0.0004
536 0.0004
537 0.0004
538 0.0003
539 0.0003
540 0.0002
541 0.0002
542 0.0004
543 0.0004
544 0.0004
545 0.0004
546 0.0004
547 0.0005
548 0.0005
549 0.0005
550 0.0005
551 0.0004
552 0.0005
553 0.0005
554 0.0005
555 0.0004
556 0.0004
557 0.0004
558 0.0004
559 0.0004
560 0.0004
561 0.0003
562 0.0003
563 0.0003
564 0.0003
565 0.0002
566 0.0002
567 0.0002
568 0.0001
569 0.0001
570 0.0001
571 0.0001
572 0.0001
573 0.0001
574 0.0001
575 0.0001
576 0.0001
577 0.0001
578 0.0001
579 0.0001
580 0.0001
581 0.0001
582 0.0001
583 0.0001
584 0.0001
585 0.0001
586 0.0001
587 0.0001
588 0.0001
589 0.0001
590 0.0000
591 0.0000
592 0.0000
593 0.0000
594 0.0000
595 0.0000
596 0.0000
597 0.0000
598 0.0000
599 0.0000
600 0.0000
601 0.0000
602 0.0000
603 0.0000
604 0.0000
605 0.0000
606 0.0000
607 0.0000
608 0.0000
609 0.0000
610 0.0000
611 0.0000
612 0.0000
613 0.0000
614 0.0000
615 0.0000
616 0.0000
617 0.0000
618 0.0000
619 0.0000
620 0.0000
621 0.0000
622 0.0000
623 0.0000
624 0.0000
625 0.0000
626 0.0000
627 0.0000
628 0.0000
629 0.0000
630 0.0000
631 0.0000
632 0.0000
633 0.0000
634 0.0000
635 0.0000
636 0.0000
637 0.0000
638 0.0000
639 0.0000
640 0.0000
641 0.0000
642 0.0000
643 0.0000
644 0.0000
645 0.0000
646 0.0000
647 0.0000
648 0.0000
649 0.0000
650 0.0000
651 0.0000
652 0.0000
653 0.0000
654 0.0000
655 0.0000
656 0.0000
657 0.0000
658 0.0000
659 0.0000
660 0.0000
661 0.0000
662 0.0000
663 0.0000
664 0.0000
665 0.0000
666 0.0000
667 0.0000
668 0.0000
669 0.0000
670 0.0000
671 0.0000
672 0.0000
673 0.0000
674 0.0000
675 0.0000
676 0.0000
677 0.0000
678 0.0000
679 0.0000
680 0.0000
681 0.0000
682 0.0000
683 0.0000
684 0.0000
685 0.0000
686 0.0000
687 0.0000
688 0.0000
689 0.0000
690 0.0000
691 0.0000
692 0.0000
693 0.0000
694 0.0000
695 0.0000
696 0.0000
697 0.0000
698 0.0000
699 0.0000
700 0.0000
701 0.0000
702 0.0000
703 0.0000
704 0.0000
705 0.0000
706 0.0000
707 0.0000
708 0.0000
709 0.0000
710 0.0000
711 0.0001
712 0.0002
713 0.0002
714 0.0002
715 0.0003
716 0.0004
717 0.0004
718 0.0003
719 0.0002
720 0.0001
721 0.0000
722 0.0000
723 0.0000
724 0.0000
725 0.0000
726 0.0000
727 0.0000
728 0.0000
729 0.0000
730 0.0000
731 0.0000
732 0.0000
733 0.0003
734 0.0000
735 0.0000
736 0.0000
737 0.0000
738 0.0000
739 0.0000
740 0.0007
741 0.0008
742 0.0008
743 0.0008
744 0.0008
745 0.0008
746 0.0001
747 0.0017
748 0.0023
749 0.0030
750 0.0030
751 0.0030
752 0.0030
753 0.0029
754 0.0029
755 0.0029
756 0.0029
757 0.0029
758 0.0049
759 0.0049
760 0.0049
761 0.0049
762 0.0049
763 0.0049
764 0.0049
765 0.0049
766 0.0049
767 0.0049
768 0.0049
769 0.0049
770 0.0049
771 0.0049
772 0.0049
773 0.0049
774 0.0049
775 0.0049
776 0.0049
777 0.0048
778 0.0047
779 0.0046
780 0.0045
781 0.0033
782 0.0043
783 0.0043
784 0.0042
785 0.0049
786 0.0049
787 0.0059
788 0.0058
789 0.0057
790 0.0057
791 0.0057
792 0.0068
793 0.0076
794 0.0075
795 0.0088
796 0.0087
797 0.0087
798 0.0088
799 0.0098
800 0.0105
801 0.0119
802 0.0136
803 0.0137
804 0.0137
805 0.0133
806 0.0133
807 0.0134
808 0.0114
809 0.0124
810 0.0124
811 0.0124
812 0.0124
813 0.0114
814 0.0120
815 0.0107
816 0.0107
817 0.0105
818 0.0105
819 0.0102
820 0.0085
821 0.0086
822 0.0082
823 0.0095
824 0.0098
825 0.0093
826 0.0076
827 0.0069
828 0.0081
829 0.0076
830 0.0076
831 0.0076
832 0.0064
833 0.0063
834 0.0055
835 0.0051
836 0.0049
837 0.0048
838 0.0048
839 0.0048
840 0.0048
841 0.0040
842 0.0043
843 0.0043
844 0.0043
845 0.0036
846 0.0040
847 0.0040
848 0.0040
849 0.0040
850 0.0040
851 0.0040
852 0.0052
853 0.0052
854 0.0048
855 0.0047
856 0.0059
857 0.0068
858 0.0057
859 0.0057
860 0.0057
861 0.0057
862 0.0057
863 0.0057
864 0.0057
865 0.0057
866 0.0057
867 0.0062
868 0.0055
869 0.0055
870 0.0055
871 0.0059
872 0.0076
873 0.0076
874 0.0076
875 0.0079
876 0.0083
877 0.0077
878 0.0054
879 0.0053
880 0.0040
881 0.0043
882 0.0043
883 0.0043
884 0.0036
885 0.0035
886 0.0035
887 0.0041
888 0.0048
889 0.0060
890 0.0069
891 0.0063
892 0.0068
893 0.0075
894 0.0075
895 0.0075
896 0.0075
897 0.0075
898 0.0067
899 0.0063
900 0.0062
901 0.0062
902 0.0061
903 0.0066
904 0.0066
905 0.0063
906 0.0063
907 0.0059
908 0.0065
909 0.0065
910 0.0060
911 0.0059
912 0.0062
913 0.0068
914 0.0068
915 0.0070
916 0.0071
917 0.0071
918 0.0071
919 0.0071
920 0.0067
921 0.0073
922 0.0070
923 0.0062
924 0.0061
925 0.0061
926 0.0057
927 0.0057
928 0.0053
929 0.0058
930 0.0058
931 0.0056
932 0.0058
933 0.0056
934 0.0056
935 0.0059
936 0.0059
937 0.0067
938 0.0067
939 0.0061
940 0.0061
941 0.0055
942 0.0055
943 0.0060
944 0.0061
945 0.0063
946 0.0059
947 0.0061
948 0.0061
949 0.0061
950 0.0051
951 0.0051
952 0.0051
953 0.0051
954 0.0051
955 0.0051
956 0.0051
957 0.0052
958 0.0046
959 0.0048
960 0.0053
961 0.0053
962 0.0056
963 0.0076
964 0.0078
965 0.0091
966 0.0091
967 0.0098
968 0.0086
969 0.0080
970 0.0080
971 0.0074
972 0.0073
973 0.0071
974 0.0069
975 0.0067
976 0.0069
977 0.0066
978 0.0066
979 0.0066
980 0.0066
981 0.0068
982 0.0067
983 0.0064
984 0.0070
985 0.0062
986 0.0062
987 0.0062
988 0.0058
989 0.0067
990 0.0067
991 0.0067
992 0.0076
993 0.0076
994 0.0078
995 0.0082
996 0.0082
997 0.0078
998 0.0078
999 0.0077
1000 0.0075
1001 0.0070
1002 0.0067
1003 0.0059
1004 0.0059
1005 0.0058
1006 0.0058
1007 0.0055
1008 0.0054
1009 0.0054
1010 0.0054
1011 0.0053
1012 0.0049
1013 0.0051
1014 0.0047
1015 0.0047
1016 0.0048
1017 0.0053
1018 0.0054
1019 0.0054
1020 0.0052
1021 0.0052
1022 0.0052
1023 0.0052
1024 0.0052
1025 0.0052
1026 0.0052
1027 0.0052
1028 0.0052
1029 0.0052
1030 0.0052
1031 0.0052
1032 0.0052
1033 0.0052
1034 0.0052
1035 0.0052
1036 0.0052
1037 0.0052
1038 0.0051
1039 0.0051
1040 0.0051
1041 0.0051
1042 0.0051
1043 0.0051
1044 0.0051
1045 0.0050
1046 0.0050
1047 0.0050
1048 0.0050
1049 0.0050
1050 0.0050
1051 0.0050
1052 0.0050
1053 0.0050
1054 0.0048
1055 0.0048
1056 0.0048
1057 0.0047
1058 0.0047
1059 0.0047
1060 0.0047
1061 0.0047
1062 0.0047
1063 0.0047
1064 0.0047
1065 0.0047
1066 0.0047
1067 0.0046
1068 0.0046
1069 0.0046
1070 0.0046
1071 0.0046
1072 0.0045
1073 0.0045
1074 0.0045
1075 0.0045
1076 0.0045
1077 0.0045
1078 0.0044
1079 0.0043
1080 0.0043
1081 0.0041
1082 0.0041
1083 0.0041
1084 0.0041
1085 0.0041
1086 0.0041
1087 0.0041
1088 0.0041
1089 0.0041
1090 0.0041
1091 0.0041
1092 0.0041
1093 0.0041
1094 0.0041
1095 0.0041
1096 0.0041
1097 0.0041
1098 0.0041
1099 0.0041
1100 0.0041
1101 0.0041
1102 0.0041
1103 0.0041
1104 0.0041
1105 0.0041
1106 0.0041
1107 0.0041
1108 0.0041
1109 0.0041
1110 0.0041
1111 0.0041
1112 0.0039
1113 0.0039
1114 0.0039
1115 0.0039
1116 0.0039
1117 0.0039
1118 0.0039
1119 0.0039
1120 0.0039
1121 0.0039
1122 0.0038
1123 0.0038
1124 0.0038
1125 0.0038
1126 0.0038
1127 0.0038
1128 0.0038
1129 0.0038
1130 0.0038
1131 0.0038
1132 0.0038
1133 0.0038
1134 0.0037
1135 0.0037
1136 0.0037
1137 0.0036
1138 0.0036
1139 0.0036
1140 0.0036
1141 0.0036
1142 0.0036
1143 0.0036
1144 0.0036
1145 0.0036
1146 0.0036
1147 0.0036
1148 0.0036
1149 0.0036
1150 0.0036
1151 0.0036
1152 0.0036
1153 0.0036
1154 0.0036
1155 0.0036
1156 0.0036
1157 0.0036
1158 0.0036
1159 0.0036
1160 0.0036
1161 0.0036
1162 0.0036
1163 0.0036
1164 0.0036
1165 0.0036
1166 0.0036
1167 0.0036
1168 0.0035
1169 0.0035
1170 0.0035
1171 0.0035
1172 0.0035
1173 0.0035
1174 0.0034
1175 0.0034
1176 0.0034
1177 0.0033
1178 0.0032
1179 0.0032
1180 0.0032
1181 0.0032
1182 0.0032
1183 0.0032
1184 0.0032
1185 0.0031
1186 0.0031
1187 0.0031
1188 0.0031
1189 0.0031
1190 0.0031
1191 0.0031
1192 0.0031
1193 0.0031
1194 0.0031
1195 0.0031
1196 0.0031
1197 0.0031
1198 0.0031
1199 0.0031
1200 0.0031
1201 0.0030
1202 0.0029
1203 0.0028
1204 0.0028
1205 0.0028
1206 0.0028
1207 0.0026
1208 0.0026
1209 0.0025
1210 0.0026
1211 0.0025
1212 0.0025
1213 0.0025
1214 0.0025
1215 0.0025
1216 0.0025
1217 0.0026
1218 0.0026
1219 0.0026
1220 0.0026
1221 0.0026
1222 0.0024
1223 0.0024
1224 0.0024
1225 0.0024
1226 0.0024
1227 0.0024
1228 0.0024
1229 0.0024
1230 0.0024
1231 0.0024
1232 0.0023
1233 0.0023
1234 0.0023
1235 0.0023
1236 0.0021
1237 0.0021
1238 0.0021
1239 0.0022
1240 0.0023
1241 0.0022
1242 0.0023
1243 0.0022
1244 0.0022
1245 0.0022
1246 0.0022
1247 0.0022
1248 0.0022
1249 0.0022
1250 0.0021
1251 0.0021
1252 0.0021
1253 0.0021
1254 0.0021
1255 0.0022
1256 0.0020
1257 0.0021
1258 0.0021
1259 0.0020
1260 0.0020
1261 0.0021
1262 0.0020
1263 0.0020
1264 0.0020
1265 0.0020
1266 0.0020
1267 0.0020
1268 0.0020
1269 0.0020
1270 0.0020
1271 0.0020
1272 0.0020
1273 0.0020
1274 0.0019
1275 0.0018
1276 0.0018
1277 0.0018
1278 0.0018
1279 0.0018
1280 0.0018
1281 0.0017
1282 0.0017
1283 0.0017
1284 0.0017
1285 0.0017
1286 0.0017
1287 0.0017
1288 0.0017
1289 0.0017
1290 0.0017
1291 0.0017
1292 0.0017
1293 0.0017
1294 0.0017
1295 0.0017
1296 0.0017
1297 0.0017
1298 0.0017
1299 0.0017
1300 0.0017
1301 0.0017
1302 0.0017
1303 0.0017
1304 0.0017
1305 0.0017
1306 0.0017
1307 0.0017
1308 0.0017
1309 0.0017
1310 0.0017
1311 0.0017
1312 0.0017
1313 0.0017
1314 0.0017
1315 0.0017
1316 0.0017
1317 0.0017
1318 0.0017
1319 0.0017
1320 0.0017
1321 0.0017
1322 0.0017
1323 0.0017
1324 0.0017
1325 0.0017
1326 0.0017
1327 0.0017
1328 0.0017
1329 0.0017
1330 0.0017
1331 0.0017
1332 0.0017
1333 0.0017
1334 0.0017
1335 0.0017
1336 0.0017
1337 0.0017
1338 0.0017
1339 0.0017
1340 0.0017
1341 0.0017
1342 0.0017
1343 0.0017
1344 0.0017
1345 0.0017
1346 0.0017
1347 0.0017
1348 0.0017
1349 0.0017
