0 0.0000
1 0.0000
2 0.0000
3 0.0000
4 0.0000
5 0.0000
6 0.0000
7 0.0000
8 0.0000
9 0.0000
10 0.0000
11 0.0000
12 0.0000
13 0.0000
14 0.0000
15 0.0000
16 0.0000
17 0.0000
18 0.0000
19 0.0000
20 0.0000
21 0.0000
22 0.0000
23 0.0000
24 0.0000
25 0.0000
26 0.0000
27 0.0000
28 0.0000
29 0.0000
30 0.0000
31 0.0000
32 0.0000
33 0.0000
34 0.0000
35 0.0000
36 0.0000
37 0.0000
38 0.0000
39 0.0000
40 0.0000
41 0.0000
42 0.0000
43 0.0000
44 0.0000
45 0.0000
46 0.0000
47 0.0000
48 0.0000
49 0.0000
50 0.0000
51 0.0000
52 0.0000
53 6.4282
54 12.6438
55 15.5712
56 15.1550
57 14.7605
58 14.3860
59 14.0300
60 13.6913
61 13.3685
62 13.0606
63 47.1184
64 45.8739
65 44.6940
66 43.5738
67 42.5089
68 41.4952
69 45.9852
70 44.9138
71 91.7622
72 90.2916
73 88.0690
74 85.9548
75 83.9411
76 82.0209
77 80.1876
78 78.4355
79 76.7592
80 75.1538
81 73.6150
82 72.1386
83 70.7209
84 69.3584
85 68.0478
86 66.7864
87 65.5713
88 64.4000
89 318.1241
90 440.6333
91 433.8012
92 427.1783
93 420.7551
94 414.5226
95 408.4726
96 402.5970
97 396.8884
98 391.3398
99 385.9446
100 380.6963
101 375.5892
102 370.6176
103 365.7761
104 361.0596
105 356.4635
106 351.9831
107 347.6142
108 343.3525
109 339.1942
110 335.1356
111 331.1731
112 327.3034
113 323.5232
114 319.8294
115 316.2191
116 312.6896
117 309.2380
118 305.8619
119 302.5588
120 299.3264
121 296.1624
122 293.0647
123 290.0312
124 287.0599
125 284.1489
126 281.2964
127 278.5007
128 275.7601
129 273.0729
130 270.4377
131 267.8528
132 265.3170
133 262.8288
134 260.3868
135 257.9898
136 255.6367
137 253.3260
138 251.0568
139 248.8280
140 246.6384
141 244.4870
142 242.3729
143 240.2950
144 238.2525
145 236.2444
146 234.2699
147 232.3282
148 230.4184
149 228.5398
150 226.6916
151 224.8731
152 223.0835
153 221.3222
154 219.5885
155 217.8818
156 216.2014
157 214.5468
158 212.9173
159 211.3124
160 209.7315
161 208.1741
162 206.6397
163 205.1277
164 203.6377
165 202.1693
166 200.7218
167 199.2950
168 197.8882
169 196.5013
170 195.1336
171 193.7849
172 192.4547
173 191.1426
174 189.8483
175 188.5714
176 187.3116
177 186.0685
178 184.8418
179 183.6312
180 182.4364
181 181.2570
182 180.0928
183 178.9434
184 177.8086
185 176.6881
186 175.5817
187 174.4890
188 173.4099
189 172.3440
190 171.2912
191 170.2511
192 169.2236
193 168.2085
194 167.2054
195 166.2142
196 165.2348
197 164.2668
198 163.3101
199 162.3644
200 161.4297
201 160.5057
202 159.5922
203 158.6890
204 157.7960
205 156.9130
206 156.0398
207 333.8293
208 332.0340
209 330.2579
210 328.5008
211 326.7622
212 325.0420
213 323.3398
214 321.6553
215 319.9883
216 318.3385
217 316.7057
218 315.0895
219 13849.1595
220 14932.1863
221 14859.6493
222 14787.8127
223 14716.6677
224 14646.2039
225 15623.0296
226 15548.7840
227 15475.2411
228 15402.3903
229 22843.2857
230 22735.2111
231 22628.1546
232 22522.1016
233 23371.0407
234 30850.9374
235 30706.2711
236 30562.9558
237 30420.9727
238 30280.3040
239 34093.7056
240 33936.3034
241 33780.3497
242 33625.8246
243 33472.7078
244 33320.9806
245 33170.6237
246 33021.6190
247 32873.9484
248 32727.5940
249 32582.5387
250 32438.7648
251 32296.2555
252 32154.9940
253 32014.9642
254 31876.1491
255 31738.5338
256 31602.1029
257 31466.8411
258 31332.7333
259 31199.7650
260 31067.9213
261 30937.1883
262 30807.5520
263 30678.9983
264 30551.5139
265 30425.0855
266 30299.7005
267 30175.3455
268 30052.0077
269 29929.6750
270 29808.3351
271 29687.9758
272 29568.5850
273 29450.1516
274 29332.6637
275 29216.1103
276 29100.4804
277 28985.7629
278 28871.9472
279 28759.0226
280 28646.9781
281 28535.8041
282 28425.4903
283 28316.0267
284 28207.4033
285 28099.6106
286 27992.6393
287 27886.4800
288 27781.1232
289 27676.5602
290 27572.7818
291 27469.7794
292 27367.5442
293 27266.0677
294 27165.3415
295 27065.3573
296 26966.1069
297 26867.5822
298 26769.7753
299 26672.6784
300 26576.2836
301 26694.0178
302 26651.3507
303 26555.7294
304 26460.7928
305 26419.9990
306 26326.1498
307 26232.9665
308 26140.4418
309 26048.5689
310 25957.3407
311 25866.7502
312 25776.7908
313 25687.4562
314 25598.7403
315 25510.6362
316 25423.1375
317 25336.2380
318 25249.9317
319 25164.2125
320 25079.0743
321 24994.5113
322 24910.5178
323 24827.0879
324 24744.2159
325 24661.8964
326 24580.1237
327 24498.8925
328 24418.1973
329 24338.0328
330 24258.3939
331 24179.2754
332 24100.6721
333 24022.5791
334 23944.9914
335 23867.9040
336 23791.3122
337 23715.2112
338 23639.5963
339 23564.4627
340 23489.8061
341 23415.6217
342 23341.9051
343 23268.6519
344 23195.8578
345 23123.5183
346 23051.6294
347 22980.1867
348 22909.1862
349 22838.6236
350 22768.4951
351 22698.7965
352 22629.5239
353 22560.6735
354 22492.2414
355 22424.2237
356 22356.6167
357 22289.4167
358 22222.6200
359 22156.2231
360 22090.2222
361 37567.1028
362 37449.8406
363 37333.3113
364 37217.5069
365 37102.4265
366 36988.0517
367 36874.3826
368 36761.4130
369 36649.1363
370 36537.5463
371 62524.6605
372 62327.0690
373 62130.7282
374 61935.6255
375 61741.7499
376 61549.0898
377 76707.6763
378 76466.0178
379 83842.8759
380 83578.7346
381 83316.2598
382 83055.4353
383 82796.2315
384 82538.6472
385 82282.6675
386 82028.2746
387 112243.6243
388 111890.3266
389 111539.2492
390 111190.3745
391 110843.6850
392 110499.1464
393 110156.7524
394 109816.4827
395 109478.3169
396 114525.9609
397 116867.1096
398 116508.2089
399 116151.5126
400 115797.0003
401 118485.8325
402 118125.4460
403 119294.6182
404 118933.4813
405 118574.5348
406 118217.7561
407 117863.1274
408 117510.6293
409 127723.5035
410 128274.3662
411 127889.8441
412 127507.6317
413 132999.4497
414 132602.1394
415 132207.2086
416 136385.2281
417 135979.7004
418 135576.5907
419 141039.8886
420 140621.9668
421 141196.8448
422 140780.5657
423 140366.7486
424 139955.3672
425 139546.4494
426 139139.9266
427 138735.7788
428 138333.9857
429 137934.6378
430 137537.6023
431 137142.8593
432 136750.3888
433 136360.1711
434 135972.2252
435 135586.4700
436 135202.9041
437 134821.5109
438 134442.3048
439 134065.2335
440 133690.2694
441 133317.4399
442 132946.6582
443 132577.9444
444 132211.3725
445 131846.8331
446 131484.3094
447 131123.7872
448 130765.2376
449 130408.6370
450 130053.9848
451 129701.2066
452 129350.3178
453 129001.3325
454 128654.2348
455 128309.0062
456 127965.7376
457 127624.2679
458 127284.6211
459 126946.7436
460 126610.6641
461 126276.4040
462 125943.9082
463 125613.1659
464 125284.1644
465 124956.8849
466 124631.3192
467 124307.4992
468 123985.3657
469 123664.9055
470 123346.0973
471 123028.9364
472 122713.3864
473 122399.4067
474 122087.0372
475 121776.2855
476 121467.1191
477 121159.5257
478 120853.4921
479 120549.0065
480 120246.0250
481 119944.5695
482 119644.6284
483 119346.1822
484 119049.2258
485 118753.7634
486 118459.8013
487 118167.2974
488 117876.2408
489 117586.6194
490 117298.4239
491 117011.6427
492 116726.2648
493 116442.2814
494 116159.6822
495 115878.4573
496 115598.5965
497 115320.0899
498 115042.9277
499 114767.1001
500 114492.5975
501 114219.4103
502 113947.5290
503 113676.9444
504 113407.6470
505 113139.6276
506 112872.8773
507 112607.3982
508 112343.1890
509 112080.2216
510 111818.4874
511 111557.9775
512 111298.6866
513 111040.6029
514 110783.7181
515 110528.0237
516 110273.5116
517 110020.1675
518 109767.9948
519 109516.9823
520 109267.1226
521 109018.3966
522 108770.7909
523 108524.3183
524 108278.9565
525 108034.6926
526 107791.5324
527 107549.4756
528 107308.5074
529 107068.6205
530 106829.7949
531 106592.0283
532 106355.3036
533 106119.6267
534 105884.9948
535 105651.4019
536 105418.8409
537 105187.3051
538 104956.7643
539 104727.2354
540 104498.6932
541 125524.5211
542 125257.9504
543 124992.5157
544 124728.2098
545 124465.0334
546 124202.9714
547 123942.0292
548 123682.1870
549 123423.4416
550 123165.7740
551 122909.1780
552 122653.6611
553 122399.2099
554 122145.8212
555 121893.4655
556 121642.1512
557 121391.8754
558 121142.6339
559 120894.4188
560 120647.2240
561 120401.0259
562 120155.8356
563 119911.6412
564 119668.4420
565 119426.2272
566 119184.9959
567 118944.7275
568 118705.4224
569 118467.0829
570 118229.7032
571 117993.2752
572 117757.7944
573 117523.2560
574 117289.6546
575 117056.9844
576 116825.2399
577 116594.4155
578 116364.5006
579 116135.4949
580 115907.3980
581 115680.1996
582 115453.8943
583 115228.4743
584 115003.9369
585 114780.2769
586 114557.4900
587 114335.5627
588 114114.4990
589 113894.2882
590 113674.9284
591 113456.4157
592 113238.7454
593 113021.9124
594 112805.9120
595 112590.7393
596 112376.3866
597 112162.8523
598 111950.1314
599 111738.2145
600 111527.1016
601 111316.7882
602 111107.2699
603 110898.5422
604 110690.6005
605 110483.4406
606 110277.0579
607 110071.4481
608 109866.6068
609 109662.5298
610 109459.2127
611 109256.6513
612 109054.8414
613 108853.7787
614 108653.4592
615 108453.8787
616 108255.0330
617 108056.9182
618 107859.5302
619 107662.8650
620 107466.9186
621 107271.6871
622 107077.1665
623 106883.3529
624 106690.2425
625 106497.8315
626 106306.1160
627 106115.0923
628 105924.7566
629 105735.1052
630 105546.1343
631 105357.8404
632 105170.2198
633 104983.2688
634 104796.9838
635 104611.3614
636 104426.3979
637 104242.0899
638 104058.4338
639 103875.4262
640 103693.0637
641 103511.3427
642 103330.2600
643 103149.8122
644 102969.9958
645 102790.8077
646 102612.2445
647 102434.3029
648 102256.9796
649 102080.2715
650 101904.1754
651 101728.6880
652 101553.8061
653 101379.5268
654 101205.8467
655 101032.7629
656 100860.2723
657 100688.3717
658 100517.0582
659 100346.3288
660 100176.1804
661 100006.6101
662 99837.6150
663 99669.1920
664 99501.3384
665 99334.0512
666 99167.3275
667 99001.1645
668 98835.5593
669 98670.5092
670 98506.0113
671 98342.0629
672 98178.6611
673 98015.8034
674 97853.4869
675 97691.7089
676 97530.4668
677 97369.7578
678 97209.5794
679 97049.9290
680 96890.8038
681 96732.2013
682 96574.1189
683 96416.5541
684 96259.5043
685 96102.9670
686 95946.9397
687 95791.4198
688 95636.4050
689 95481.8927
690 95327.8804
691 95174.3658
692 95021.3465
693 94868.8199
694 94716.7839
695 94565.2359
696 94414.1736
697 94263.5948
698 94113.4970
699 93963.8779
700 93814.7354
701 93666.0670
702 93517.8705
703 97992.1900
704 97836.2316
705 97680.7689
706 97525.8014
707 97371.3265
708 97217.3421
709 97063.8462
710 96910.8363
711 129749.3807
712 146032.4579
713 145787.9121
714 145544.1902
715 173160.6211
716 172866.0664
717 172572.5267
718 172279.9808
719 171988.3975
720 171697.7872
721 171408.1513
722 171119.4984
723 170831.8260
724 170545.1264
725 170259.3971
726 169974.6333
727 169690.8301
728 169407.9825
729 169126.0857
730 168845.1350
731 168565.1253
732 168286.0522
733 254401.7169
734 253961.7811
735 253523.3793
736 253086.5035
737 252651.1457
738 252217.2979
739 251784.9522
740 462396.1865
741 461569.8003
742 460746.3844
743 459925.9225
744 459108.3559
745 458293.7081
746 457481.5547
747 698690.7244
748 697430.4210
749 696175.3307
750 694924.7755
751 693678.7318
752 692437.1750
753 691199.9825
754 689967.2287
755 688738.8898
756 687514.9421
757 686295.3621
758 685081.8590
759 683872.6662
760 682667.7608
761 681467.1196
762 680270.7201
763 679078.5397
764 677890.5560
765 676706.7468
766 675527.0901
767 674351.6042
768 673180.2267
769 672012.9361
770 670849.7110
771 669690.5301
772 668535.3721
773 667384.2161
774 666237.0413
775 665093.8269
776 663954.5523
777 662819.0929
778 661687.5073
779 660559.6720
780 659435.6456
781 828178.5047
782 905815.6437
783 904236.1660
784 902662.1417
785 901094.4431
786 899532.2157
787 897976.5129
788 896426.1583
789 894881.0922
790 893341.3387
791 891806.9093
792 890279.0508
793 888757.2961
794 887240.6403
795 885730.6542
796 884225.7227
797 882725.9325
798 949116.3972
799 947500.9074
800 1019265.3363
801 1017526.0978
802 1015795.0264
803 1014069.9924
804 1012350.8929
805 1010637.1239
806 1008929.1961
807 1007227.2109
808 1005528.5869
809 1003836.9346
810 1002151.0110
811 1000470.7867
812 998796.2239
813 997126.1011
814 995462.2886
815 993802.4869
816 992148.2529
817 990499.3570
818 988855.9899
819 987217.7088
820 985582.8595
821 1065949.5221
822 1064171.3021
823 1062400.7319
824 1060636.4107
825 1058877.3181
826 1057121.9946
827 1055371.6137
828 1053628.5489
829 1051890.7539
830 1050158.7251
831 1048432.4262
832 1046710.2783
833 1044993.7219
834 1043281.7867
835 1041575.0175
836 1039873.5862
837 1038177.6496
838 1036487.2732
839 1034802.4296
840 1033123.0710
841 1031448.1513
842 1029779.0994
843 1028115.4732
844 1026457.2488
845 1024803.5509
846 1023155.7455
847 1021513.2643
848 1019876.0804
849 1018244.1693
850 1016617.5052
851 1014996.0622
852 1013381.1738
853 1011771.4495
854 1010166.4286
855 1008566.3612
856 1006972.8879
857 1005385.4644
858 1003801.7999
859 1002223.1494
860 1000649.4891
861 999080.7952
862 997517.0441
863 995958.2122
864 994404.2773
865 992855.2160
866 991311.0047
867 989772.2409
868 988237.4208
869 986707.3836
870 985182.1069
871 983661.9804
872 982148.4911
873 980639.6832
874 979135.5653
875 977636.4469
876 976142.4240
877 974652.2477
878 973164.1575
879 971680.5038
880 970199.9367
881 968724.2321
882 967253.0203
883 965786.2967
884 964323.2916
885 962864.6352
886 961410.4101
887 959961.2802
888 980048.7353
889 1000109.5278
890 1041659.4575
891 1040068.8297
892 1038483.6584
893 1036904.1860
894 1035329.5609
895 1033759.7604
896 1032194.7624
897 1030634.5444
898 1029078.1865
899 1027526.0484
900 1025978.5338
901 1024435.7196
902 1022897.5362
903 1021364.5269
904 1019836.1361
905 1018312.0400
906 1016792.5262
907 1015277.1766
908 1013766.9985
909 1012261.3501
910 1010759.7060
911 1009262.4073
912 1007769.9539
913 1006282.5670
914 1004799.6066
915 1003321.2802
916 1001847.4116
917 1000377.9086
918 998912.7515
919 997451.9211
920 995995.0498
921 994543.1001
922 993095.0328
923 991650.3751
924 990209.8196
925 988773.4818
926 987341.0006
927 985912.7018
928 984488.1604
929 983068.2558
930 981652.4934
931 980240.6270
932 978833.0768
933 977429.3863
934 976029.7518
935 974634.3969
936 973243.0498
937 971856.5317
938 970474.0506
939 969094.9012
940 967719.7006
941 966347.8033
942 964979.8240
943 963616.2728
944 962256.7135
945 960901.1954
946 959549.1669
947 958201.1046
948 956856.8574
949 955516.4164
950 954178.7958
951 952844.9003
952 951514.8168
953 950188.4522
954 948865.8109
955 947546.8771
956 946231.6350
957 944920.1870
958 943611.7803
959 942307.2210
960 941006.8178
961 939710.0277
962 938417.0628
963 937129.6225
964 935845.9982
965 934567.1385
966 933291.8411
967 932020.6887
968 930751.8679
969 929485.9321
970 928223.4659
971 926963.8740
972 925707.7147
973 924454.7846
974 923205.0845
975 921958.5784
976 920715.5961
977 919475.7468
978 918239.2590
979 917006.1192
980 915776.3089
981 914549.9598
982 913326.8831
983 912106.7951
984 910890.5406
985 909676.8123
986 908466.3395
987 907259.1386
988 906054.8116
989 904854.5051
990 903657.4000
991 902463.4829
992 901273.5126
993 900086.7013
994 898903.2962
995 897723.3397
996 896546.5120
997 895372.4652
998 894201.5136
999 893033.5255
1000 891868.4109
1001 890705.8778
1002 903564.1371
1003 902380.4491
1004 901199.8575
1005 900022.3490
1006 898847.9081
1007 897676.3151
1008 896507.7131
1009 895342.1744
1010 894179.6561
1011 893020.1444
1012 891863.3199
1013 890709.6610
1014 889558.6773
1015 888410.6747
1016 887265.7726
1017 886124.2610
1018 884985.7562
1019 891060.0155
1020 889913.6882
1021 888770.3392
1022 887629.9638
1023 886492.5419
1024 885358.0631
1025 884226.5161
1026 883097.8895
1027 881972.1716
1028 880849.3514
1029 879729.4174
1030 878612.3583
1031 877498.1631
1032 876386.8205
1033 875278.3195
1034 874172.6490
1035 873069.7980
1036 871969.7262
1037 870872.4509
1038 869777.8925
1039 868686.1079
1040 867597.0810
1041 866510.8099
1042 865427.2894
1043 864346.4928
1044 863268.4203
1045 862193.0118
1046 861120.3069
1047 860050.2950
1048 858982.9631
1049 857918.3041
1050 856856.3077
1051 855796.9639
1052 854740.2626
1053 853686.1939
1054 852634.5767
1055 851585.5730
1056 850539.1729
1057 849495.3364
1058 848454.0842
1059 847415.4065
1060 846379.2900
1061 845345.7289
1062 844314.7137
1063 843286.2348
1064 842260.2656
1065 841236.7935
1066 840215.8107
1067 839197.2945
1068 838181.2631
1069 837167.6777
1070 836156.5555
1071 835147.8960
1072 834141.6832
1073 833137.9082
1074 832136.5533
1075 831137.6110
1076 830141.0780
1077 829146.9436
1078 828155.1390
1079 827165.6924
1080 826178.6145
1081 825193.7655
1082 824211.2830
1083 823231.1585
1084 822253.3742
1085 821277.9278
1086 820304.8051
1087 819334.0019
1088 818365.5119
1089 817399.3275
1090 816435.4415
1091 815473.8453
1092 814514.5313
1093 813557.4902
1094 812602.7085
1095 811650.1849
1096 810699.9101
1097 809751.8768
1098 808806.0771
1099 807862.5033
1100 806921.1471
1101 805982.0003
1102 805045.0558
1103 804110.3053
1104 803177.7414
1105 802247.3565
1106 801319.1429
1107 800393.0930
1108 799469.1992
1109 798547.4532
1110 797627.8961
1111 796710.4723
1112 795795.0338
1113 794881.7142
1114 793970.5060
1115 793061.4019
1116 792154.3945
1117 791249.4617
1118 790346.6110
1119 789445.8353
1120 788547.1265
1121 787650.4387
1122 786755.7756
1123 785863.1590
1124 784972.5820
1125 784084.0240
1126 783197.4914
1127 782312.9703
1128 781430.4493
1129 780549.9320
1130 779671.4124
1131 778794.8806
1132 777920.3223
1133 777047.7385
1134 776177.1198
1135 775308.4609
1136 774441.7144
1137 773576.9023
1138 772714.0321
1139 771853.0997
1140 770994.0984
1141 770137.0217
1142 769281.8630
1143 768428.6013
1144 767577.2433
1145 766727.7831
1146 765880.2149
1147 765034.5327
1148 764190.7301
1149 763348.8008
1150 762508.7386
1151 761670.5372
1152 760834.1904
1153 759999.6920
1154 759167.0357
1155 758336.2156
1156 757507.2254
1157 756680.0591
1158 755854.7105
1159 755031.1738
1160 754209.4428
1161 753389.5115
1162 752571.3740
1163 751755.0244
1164 750940.4201
1165 750127.5920
1166 749316.5297
1167 748507.2321
1168 747699.6394
1169 746893.7972
1170 746089.7024
1171 745287.3482
1172 744486.7276
1173 743687.8374
1174 742890.6395
1175 742095.1410
1176 741301.3562
1177 740509.2620
1178 739718.7999
1179 738930.0352
1180 738142.9308
1181 737357.5130
1182 736573.7764
1183 735791.7154
1184 735011.3141
1185 734232.5653
1186 733455.4761
1187 732680.0412
1188 731906.2546
1189 731134.1113
1190 730363.6063
1191 729594.7332
1192 728827.4608
1193 728061.8112
1194 727297.7793
1195 726535.3599
1196 725774.5479
1197 725015.3383
1198 724257.7258
1199 723501.7054
1200 722747.2712
1201 721994.3789
1202 721242.9587
1203 720493.0749
1204 719744.7491
1205 718997.9834
1206 718252.7752
1207 717509.0055
1208 716766.7843
1209 716026.0839
1210 715286.9496
1211 714549.3266
1212 713813.2330
1213 713078.6638
1214 712345.6144
1215 711614.0801
1216 710884.0437
1217 710155.5264
1218 709428.5100
1219 708702.9899
1220 707978.9613
1221 707256.4197
1222 706535.2825
1223 705815.6234
1224 705097.4377
1225 704380.7210
1226 703665.4687
1227 702951.6764
1228 702239.3394
1229 701528.4534
1230 700818.9869
1231 700110.9713
1232 699404.3309
1233 698699.1240
1234 697995.3462
1235 697292.9932
1236 696591.9373
1237 695892.3275
1238 695194.1219
1239 694497.3873
1240 693802.1055
1241 693108.1760
1242 692415.6775
1243 691724.5273
1244 691034.7639
1245 690346.3966
1246 689659.4024
1247 688973.7630
1248 688289.4810
1249 687606.5636
1250 686924.9950
1251 686244.7836
1252 685565.9257
1253 684888.4171
1254 684212.2538
1255 683537.4438
1256 682863.9094
1257 682191.7375
1258 681520.8949
1259 680851.3466
1260 680183.1219
1261 679516.2195
1262 678850.6278
1263 678186.3420
1264 677523.3621
1265 676861.6844
1266 676201.3049
1267 675542.2198
1268 674884.4217
1269 674227.9028
1270 673572.6670
1271 672918.7066
1272 672266.0217
1273 671614.6064
1274 670964.3813
1275 670315.3819
1276 669667.6433
1277 669021.1620
1278 668375.9294
1279 667731.9439
1280 667089.2021
1281 666447.6937
1282 665807.4237
1283 665168.3874
1284 664530.5714
1285 663893.9830
1286 663258.6147
1287 662624.4660
1288 661991.5350
1289 661359.8174
1290 660729.3105
1291 660100.0016
1292 659471.8964
1293 658844.9916
1294 658219.2826
1295 657594.7665
1296 656971.4404
1297 656349.3009
1298 655728.3441
1299 655108.5669
1300 654489.9661
1301 653872.5383
1302 653256.2802
1303 652641.1885
1304 652027.2598
1305 651414.4908
1306 650802.8782
1307 650192.4187
1308 649583.1091
1309 648974.9460
1310 648367.9263
1311 647762.0467
1312 647157.3040
1313 646553.6949
1314 645951.2162
1315 645349.8649
1316 644749.6376
1317 644150.5312
1318 643552.5426
1319 642955.6686
1320 642359.9062
1321 641765.2521
1322 641171.7033
1323 640579.2566
1324 639987.9091
1325 639397.6576
1326 638808.4990
1327 638220.4304
1328 637633.4487
1329 637047.5506
1330 636462.7306
1331 635878.9880
1332 635296.3200
1333 634714.7187
1334 634134.1859
1335 633554.7184
1336 632976.3134
1337 632398.9681
1338 631822.6799
1339 631247.4457
1340 630673.2628
1341 630100.1282
1342 629528.0390
1343 628956.9924
1344 628386.9857
1345 627818.0155
1346 627250.0780
1347 626683.1716
1348 626117.2932
1349 625557.9463
